0.0,3|-42.0,3|-42.0,3
0.0,3|-42.0,3|-42.0,3
0.0,5|-42.0,5|-42.0,5
0.0,6|-42.0,6|-42.0,6
0.0,7|-42.0,7|-42.0,7
0.0,8|-42.0,8|-42.0,8
0.0,8|-42.0,8|-42.0,8
0.0,10|-42.0,10|-42.0,10
0.0,11|-42.0,11|-42.0,11
0.0,11|-42.0,11|-42.0,11
0.0,13|-42.0,13|-42.0,13
0.0,13|-42.0,13|-42.0,13
0.0,14|-42.0,14|-42.0,14
0.0,14|-42.0,14|-42.0,14
0.0,15|-42.0,15|-42.0,15
0.0,18|-42.0,18|-42.0,18
0.0,18|-42.0,18|-42.0,18
0.0,18|-42.0,18|-42.0,18
0.0,21|-42.0,21|-42.0,21
0.0,22|-42.0,22|-42.0,22
0.0,22|-42.0,22|-42.0,22
0.0,22|-42.0,22|-42.0,22
0.0,24|-42.0,24|-42.0,24
0.0,24|-42.0,24|-42.0,24
0.0,24|-42.0,24|-42.0,24
0.0,27|-42.0,27|-42.0,27
0.0,29|-42.0,29|-42.0,29
0.0,30|-42.0,30|-42.0,30
0.0,31|-42.0,31|-42.0,31
0.0,32|-42.0,32|-42.0,32
0.0,33|-42.0,33|-42.0,33
0.0,34|-42.0,34|-42.0,34
0.0,34|-42.0,34|-42.0,34
0.0,36|-42.0,36|-42.0,36
0.0,37|-42.0,37|-42.0,37
0.0,38|-42.0,38|-42.0,38
0.0,39|-42.0,39|-42.0,39
0.0,40|-42.0,40|-42.0,40
0.0,40|-42.0,40|-42.0,40
0.0,42|-42.0,42|-42.0,42
0.0,42|-42.0,42|-42.0,42
0.0,43|-42.0,43|-42.0,43
0.0,45|-42.0,45|-42.0,45
0.0,46|-42.0,46|-42.0,46
0.0,46|-42.0,46|-42.0,46
0.0,46|-42.0,46|-42.0,46
0.0,46|-42.0,46|-42.0,46
0.0,50|-42.0,50|-42.0,50
0.0,51|-42.0,51|-42.0,51
0.0,51|-42.0,51|-42.0,51
0.0,52|-42.0,52|-42.0,52
0.0,54|-42.0,54|-42.0,54
0.0,55|-42.0,55|-42.0,55
0.0,55|-42.0,55|-42.0,55
0.0,56|-42.0,56|-42.0,56
0.0,57|-42.0,57|-42.0,57
0.0,58|-42.0,58|-42.0,58
0.0,60|-42.0,60|-42.0,60
0.0,61|-42.0,61|-42.0,61
0.0,62|-42.0,62|-42.0,62
0.0,63|-42.0,63|-42.0,63
0.0,64|-42.0,64|-42.0,64
0.0,65|-42.0,65|-42.0,65
0.0,66|-42.0,66|-42.0,66
0.0,67|-42.0,67|-42.0,67
0.0,68|-42.0,68|-42.0,68
0.0,69|-42.0,69|-42.0,69
0.0,70|-42.0,70|-42.0,70
0.0,71|-42.0,71|-42.0,71
0.0,71|-42.0,71|-42.0,71
0.0,73|-42.0,73|-42.0,73
0.0,74|-42.0,74|-42.0,74
0.0,75|-42.0,75|-42.0,75
0.0,76|-42.0,76|-42.0,76
0.0,77|-42.0,77|-42.0,77
0.0,78|-42.0,78|-42.0,78
0.0,78|-42.0,78|-42.0,78
0.0,78|-42.0,78|-42.0,78
0.0,79|-42.0,79|-42.0,79
0.0,82|-42.0,82|-42.0,82
0.0,83|-42.0,83|-42.0,83
0.0,83|-42.0,83|-42.0,83
0.0,86|-42.0,86|-42.0,86
0.0,86|-42.0,86|-42.0,86
0.0,86|-42.0,86|-42.0,86
0.0,86|-42.0,86|-42.0,86
0.0,87|-42.0,87|-42.0,87
0.0,87|-42.0,87|-42.0,87
0.0,88|-42.0,88|-42.0,88
0.0,88|-42.0,88|-42.0,88
0.0,89|-42.0,89|-42.0,89
0.0,91|-42.0,91|-42.0,91
0.0,91|-42.0,91|-42.0,91
0.0,91|-42.0,91|-42.0,91
0.0,94|-42.0,94|-42.0,94
0.0,97|-42.0,97|-42.0,97
0.0,98|-42.0,98|-42.0,98
0.0,99|-42.0,99|-42.0,99
